using all the possible 
> Netfrac(eso,"paths","all",maxcores = 4)
[1] 52143
[1] 45838
[1] 58975
$`Spp`
          B         C         D
B 0.0000000 0.1068917 0.2564724
C 0.1068917 0.0000000 0.1951142
D 0.2564724 0.1951142 0.0000000

$Spep
          B         C         D
B 0.0000000 0.1071618 0.2581786
C 0.1071618 0.0000000 0.1957936
D 0.2581786 0.1957936 0.0000000

$Spelp
          B         C         D
B 0.0000000 0.1071618 0.2581786
C 0.1071618 0.0000000 0.1957936
D 0.2581786 0.1957936 0.0000000

$Spinp
          B         C         D
B 0.0000000 0.1072969 0.2589711
C 0.1072969 0.0000000 0.1960545
D 0.2589711 0.1960545 0.0000000

$transfer
          B         C         D
B 0.0000000 0.9510273 0.9311535
C 0.9967236 0.0000000 0.8830863
D 0.9419648 0.9571010 0.0000000

=============================================

> Netfrac(eso,"paths","single",maxcores = 4)
[1] 52143
[1] 45838
[1] 58975
$`Spp`
          B         C         D
B 0.0000000 0.9973534 0.9728173
C 0.9973534 0.0000000 0.9879440
D 0.9728173 0.9879440 0.0000000

$Spep
          B         C         D
B 0.0000000 0.1078061 0.2500989
C 0.1078061 0.0000000 0.1965646
D 0.2500989 0.1965646 0.0000000

$Spelp
          B         C         D
B 0.0000000 0.1078061 0.2500989
C 0.1078061 0.0000000 0.1965646
D 0.2500989 0.1965646 0.0000000

$Spinp
         B         C         D
B 0.000000 0.9981110 0.9792930
C 0.998111 0.0000000 0.9890462
D 0.979293 0.9890462 0.0000000

$transfer
          B        C         D
B 0.0000000 0.993078 0.9859509
C 0.9999081 0.000000 0.9892157
D 0.9630909 0.986368 0.0000000

> Netfrac(eso,"paths","all", maxcores = 4)
[1] 5733
[1] 12518
[1] 12255
$`Spp`
          B         C         D
B 0.0000000 0.9722056 0.9391423
C 0.9722056 0.0000000 0.9389522
D 0.9391423 0.9389522 0.0000000

$Spep
          B         C         D
B 0.0000000 0.9746625 0.9453898
C 0.9746625 0.0000000 0.9422220
D 0.9453898 0.9422220 0.0000000

$Spelp
          B         C         D
B 0.0000000 0.9746625 0.9453898
C 0.9746625 0.0000000 0.9422220
D 0.9453898 0.9422220 0.0000000

$Spinp
          B         C         D
B 0.0000000 0.9758910 0.9482917
C 0.9758910 0.0000000 0.9434774
D 0.9482917 0.9434774 0.0000000

$transfer
          B         C         D
B 0.0000000 0.9510273 0.9311535
C 0.9967236 0.0000000 0.8830863
D 0.9419648 0.9571010 0.0000000

> Netfrac(eso,"paths","single", maxcores = 4)
[1] 52143
[1] 45838
[1] 58975
$`Spp`
          B         C         D
B 0.0000000 0.9973534 0.9728173
C 0.9973534 0.0000000 0.9879440
D 0.9728173 0.9879440 0.0000000

$Spep
          B         C         D
B 0.0000000 0.1078061 0.2500989
C 0.1078061 0.0000000 0.1965646
D 0.2500989 0.1965646 0.0000000

$Spelp
          B         C         D
B 0.0000000 0.1078061 0.2500989
C 0.1078061 0.0000000 0.1965646
D 0.2500989 0.1965646 0.0000000

$Spinp
         B         C         D
B 0.000000 0.9981110 0.9792930
C 0.998111 0.0000000 0.9890462
D 0.979293 0.9890462 0.0000000

$transfer
          B        C         D
B 0.0000000 0.993078 0.9859509
C 0.9999081 0.000000 0.9892157
D 0.9630909 0.986368 0.0000000

======================================

#test sans les proportions 
> dist_par2(eso,"B","C","paths","all",4)

[1] 41086
      Spp      Spep     Spelp     Spinp    direct   reverse 
0.5011926 0.5992552 0.5992552 0.7857421 0.4654645 0.9308814 
> dist_par2(eso,"B","C","paths","single",4)

[1] 5733
      Spp      Spep     Spelp     Spinp    direct   reverse 
0.9759288 0.9805221 0.9805221 0.9220304 0.9561118 0.9988709 


======================================

#test 9 juillet - avec des poids aléatoires entre 0 et 1
> Netfrac(eso,"paths","single",4)
[1] 5733
[1] 12518
[1] 12255
$`Spp`
          B         C         D
B 0.0000000 0.4604919 0.3512542
C 0.4604919 0.0000000 0.5476948
D 0.3512542 0.5476948 0.0000000

$Spep
          B         C         D
B 0.0000000 0.6412745 0.5810590
C 0.6412745 0.0000000 0.7418938
D 0.5810590 0.7418938 0.0000000

$Spelp
          B         C         D
B 0.0000000 0.6471599 0.5827659
C 0.6471599 0.0000000 0.7700718
D 0.5827659 0.7700718 0.0000000

$Spinp
          B         C         D
B 0.0000000 0.7164596 0.6749597
C 0.7164596 0.0000000 0.8037796
D 0.6749597 0.8037796 0.0000000

$transfer
          B         C         D
B 0.0000000 0.4001951 0.3604651
C 0.5302973 0.0000000 0.5088186
D 0.3480000 0.5603243 0.0000000

> Netfrac(eso,"paths","all",4)
[1] 5733
[1] 12518
[1] 12255
$`Spp`
          B         C         D
B 0.0000000 0.4604919 0.3512542
C 0.4604919 0.0000000 0.5476948
D 0.3512542 0.5476948 0.0000000

$Spep
          B         C         D
B 0.0000000 0.6412745 0.5810590
C 0.6412745 0.0000000 0.7418938
D 0.5810590 0.7418938 0.0000000

$Spelp
          B         C         D
B 0.0000000 0.6471599 0.5827659
C 0.6471599 0.0000000 0.7700718
D 0.5827659 0.7700718 0.0000000

$Spinp
          B         C         D
B 0.0000000 0.7164596 0.6749597
C 0.7164596 0.0000000 0.8037796
D 0.6749597 0.8037796 0.0000000

$transfer
          B         C         D
B 0.0000000 0.4001951 0.3604651
C 0.5302973 0.0000000 0.5088186
D 0.3480000 0.5603243 0.0000000

#test avec poids aléatoire pour 10 000 premiers noeuds, puis poids de 2 pour le reste
> Netfrac(eso,"paths","single")
[1] 5733
[1] 12518
[1] 12255
$`Spp`
          B         C         D
B 0.0000000 0.4114774 0.2553124
C 0.4114774 0.0000000 0.6927785
D 0.2553124 0.6927785 0.0000000

$Spep
          B         C         D
B 0.0000000 0.6167382 0.5561914
C 0.6167382 0.0000000 0.8324105
D 0.5561914 0.8324105 0.0000000

$Spelp
          B         C         D
B 0.0000000 0.6325883 0.5577792
C 0.6325883 0.0000000 0.8074936
D 0.5577792 0.8074936 0.0000000

$Spinp
          B         C         D
B 0.0000000 0.6915236 0.6619359
C 0.6915236 0.0000000 0.8666755
D 0.6619359 0.8666755 0.0000000

$transfer
          B         C         D
B 0.0000000 0.3280234 0.2833537
C 0.5080918 0.0000000 0.5710483
D 0.2454054 0.7323243 0.0000000

=====================================

#test 11 juillet avec un graphe connecté (par la suite) avec reconnect()
> Netfrac(eso,"paths","single",4)
Successfully added edges
[1] 19503
[1] 32640
[1] 52143
Successfully added edges
[1] 19503
[1] 26335
[1] 45838
Successfully added edges
[1] 32640
[1] 26335
[1] 58975
$`Spp`
          B         C         D
B 0.0000000 0.5247684 0.5005236
C 0.5247684 0.0000000 0.4745740
D 0.5005236 0.4745740 0.0000000

$Spep
          B         C         D
B 0.0000000 0.6456156 0.6178185
C 0.6456156 0.0000000 0.5789375
D 0.6178185 0.5789375 0.0000000

$Spelp
          B         C         D
B 0.0000000 0.5316810 0.5093704
C 0.5316810 0.0000000 0.4835331
D 0.5093704 0.4835331 0.0000000

$Spinp
          B         C         D
B 0.0000000 0.7071291 0.6674593
C 0.7071291 0.0000000 0.6243962
D 0.6674593 0.6243962 0.0000000

$transfer
          B         C         D
B 0.0000000 0.4219351 0.2852382
C 0.5862132 0.0000000 0.2228860
D 0.6599582 0.7865198 0.0000000

#Une grande différence entre Spep et Spelp dû à la proportion des chemins 
#qui passent par l'arête dont le poids est sum(E(eso)$weight)